 1870 2019
1870   -99.000   -99.000   -99.000   -99.000   -99.000   -99.000   -99.000   -99.000   -99.000   -99.000   -99.000   -99.000
1871   -99.000   -99.000   -99.000   -99.000   -99.000   -99.000   -99.000   -99.000   -99.000   -99.000   -99.000   -99.000
1872   -99.000   -99.000   -99.000   -99.000   -99.000   -99.000   -99.000   -99.000   -99.000   -99.000   -99.000   -99.000
1873   -99.000   -99.000   -99.000   -99.000   -99.000   -99.000   -99.000   -99.000   -99.000   -99.000   -99.000   -99.000
1874   -99.000   -99.000   -99.000   -99.000   -99.000   -99.000   -99.000   -99.000   -99.000   -99.000   -99.000   -99.000
1875   -99.000   -99.000   -99.000   -99.000   -99.000   -99.000   -99.000   -99.000   -99.000   -99.000   -99.000   -99.000
1876   -99.000   -99.000   -99.000   -99.000   -99.000   -99.000    -0.107    -0.094    -0.082    -0.069    -0.057    -0.045
1877    -0.033    -0.022    -0.011    -0.001     0.010     0.019     0.029     0.038     0.047     0.055     0.062     0.070
1878     0.076     0.083     0.089     0.094     0.099     0.103     0.107     0.111     0.114     0.117     0.119     0.121
1879     0.123     0.124     0.124     0.125     0.125     0.125     0.124     0.123     0.123     0.121     0.120     0.119
1880     0.117     0.115     0.113     0.111     0.109     0.107     0.105     0.103     0.101     0.099     0.096     0.094
1881     0.092     0.090     0.088     0.086     0.084     0.082     0.081     0.079     0.078     0.076     0.075     0.074
1882     0.073     0.072     0.072     0.071     0.071     0.071     0.071     0.071     0.072     0.073     0.074     0.075
1883     0.077     0.079     0.081     0.083     0.085     0.088     0.091     0.094     0.097     0.100     0.104     0.107
1884     0.110     0.114     0.118     0.121     0.125     0.128     0.132     0.135     0.138     0.141     0.144     0.147
1885     0.150     0.152     0.155     0.157     0.159     0.161     0.163     0.164     0.166     0.167     0.168     0.169
1886     0.169     0.170     0.170     0.170     0.170     0.170     0.169     0.169     0.168     0.167     0.165     0.164
1887     0.162     0.160     0.158     0.155     0.153     0.150     0.146     0.143     0.139     0.135     0.130     0.125
1888     0.120     0.115     0.109     0.103     0.097     0.090     0.083     0.075     0.068     0.060     0.052     0.043
1889     0.034     0.025     0.016     0.006    -0.004    -0.014    -0.024    -0.034    -0.045    -0.055    -0.066    -0.077
1890    -0.088    -0.099    -0.110    -0.121    -0.132    -0.143    -0.154    -0.165    -0.176    -0.186    -0.197    -0.207
1891    -0.217    -0.227    -0.236    -0.245    -0.254    -0.263    -0.271    -0.279    -0.286    -0.293    -0.300    -0.306
1892    -0.312    -0.318    -0.322    -0.327    -0.331    -0.334    -0.337    -0.340    -0.342    -0.343    -0.344    -0.345
1893    -0.344    -0.344    -0.343    -0.341    -0.339    -0.336    -0.333    -0.329    -0.324    -0.319    -0.314    -0.307
1894    -0.301    -0.294    -0.286    -0.278    -0.269    -0.260    -0.250    -0.240    -0.230    -0.219    -0.208    -0.196
1895    -0.184    -0.172    -0.159    -0.147    -0.134    -0.121    -0.107    -0.094    -0.081    -0.067    -0.054    -0.040
1896    -0.026    -0.013     0.001     0.014     0.028     0.042     0.055     0.069     0.082     0.095     0.109     0.122
1897     0.135     0.148     0.161     0.174     0.187     0.199     0.212     0.224     0.236     0.248     0.260     0.272
1898     0.283     0.295     0.306     0.316     0.327     0.337     0.347     0.357     0.366     0.376     0.385     0.394
1899     0.402     0.411     0.419     0.427     0.435     0.442     0.450     0.457     0.464     0.471     0.478     0.485
1900     0.492     0.499     0.505     0.511     0.518     0.524     0.530     0.536     0.542     0.548     0.554     0.559
1901     0.565     0.570     0.576     0.581     0.586     0.591     0.596     0.601     0.605     0.609     0.614     0.618
1902     0.621     0.625     0.629     0.632     0.635     0.637     0.640     0.642     0.644     0.645     0.647     0.647
1903     0.648     0.648     0.648     0.648     0.647     0.646     0.644     0.642     0.639     0.636     0.633     0.629
1904     0.624     0.620     0.614     0.608     0.602     0.595     0.588     0.580     0.572     0.563     0.554     0.545
1905     0.535     0.524     0.513     0.502     0.491     0.478     0.466     0.453     0.440     0.427     0.413     0.399
1906     0.385     0.370     0.356     0.341     0.326     0.311     0.296     0.280     0.265     0.249     0.234     0.218
1907     0.202     0.187     0.171     0.156     0.140     0.125     0.110     0.095     0.080     0.066     0.051     0.038
1908     0.024     0.011    -0.002    -0.014    -0.026    -0.038    -0.049    -0.059    -0.069    -0.079    -0.088    -0.096
1909    -0.103    -0.110    -0.117    -0.122    -0.127    -0.132    -0.136    -0.139    -0.141    -0.143    -0.145    -0.145
1910    -0.145    -0.145    -0.143    -0.141    -0.139    -0.136    -0.133    -0.129    -0.124    -0.119    -0.114    -0.108
1911    -0.102    -0.095    -0.088    -0.081    -0.073    -0.066    -0.058    -0.050    -0.041    -0.033    -0.025    -0.016
1912    -0.008     0.000     0.008     0.016     0.024     0.032     0.040     0.047     0.054     0.061     0.068     0.074
1913     0.081     0.086     0.092     0.097     0.102     0.107     0.111     0.115     0.119     0.122     0.126     0.129
1914     0.131     0.133     0.136     0.137     0.139     0.140     0.141     0.142     0.142     0.143     0.143     0.143
1915     0.142     0.142     0.141     0.141     0.140     0.139     0.137     0.136     0.135     0.133     0.132     0.130
1916     0.129     0.127     0.126     0.124     0.122     0.121     0.119     0.118     0.116     0.115     0.114     0.113
1917     0.112     0.111     0.110     0.109     0.108     0.107     0.107     0.107     0.106     0.106     0.106     0.106
1918     0.107     0.107     0.107     0.108     0.108     0.109     0.109     0.110     0.111     0.111     0.112     0.113
1919     0.113     0.113     0.114     0.114     0.115     0.115     0.115     0.115     0.115     0.115     0.115     0.115
1920     0.115     0.115     0.114     0.114     0.114     0.114     0.113     0.113     0.113     0.112     0.112     0.111
1921     0.111     0.111     0.110     0.110     0.110     0.109     0.109     0.109     0.108     0.108     0.108     0.108
1922     0.108     0.108     0.109     0.109     0.109     0.110     0.111     0.111     0.112     0.113     0.114     0.116
1923     0.117     0.119     0.120     0.122     0.125     0.127     0.129     0.132     0.135     0.138     0.141     0.144
1924     0.148     0.152     0.156     0.160     0.164     0.168     0.173     0.178     0.182     0.187     0.193     0.198
1925     0.203     0.209     0.215     0.220     0.226     0.232     0.238     0.244     0.250     0.256     0.262     0.268
1926     0.274     0.280     0.286     0.292     0.298     0.304     0.309     0.315     0.321     0.326     0.331     0.337
1927     0.342     0.347     0.352     0.356     0.361     0.365     0.370     0.374     0.378     0.381     0.385     0.388
1928     0.391     0.394     0.397     0.400     0.402     0.404     0.406     0.408     0.409     0.410     0.411     0.412
1929     0.412     0.413     0.413     0.412     0.412     0.411     0.410     0.409     0.407     0.405     0.403     0.401
1930     0.398     0.396     0.393     0.390     0.386     0.383     0.379     0.375     0.371     0.366     0.362     0.357
1931     0.352     0.347     0.342     0.336     0.331     0.325     0.320     0.314     0.308     0.302     0.296     0.291
1932     0.285     0.279     0.273     0.266     0.260     0.254     0.248     0.242     0.236     0.230     0.223     0.217
1933     0.211     0.204     0.198     0.192     0.185     0.179     0.173     0.167     0.161     0.155     0.149     0.143
1934     0.137     0.132     0.126     0.121     0.116     0.111     0.106     0.102     0.097     0.093     0.089     0.086
1935     0.082     0.079     0.077     0.074     0.072     0.070     0.069     0.068     0.067     0.067     0.067     0.068
1936     0.068     0.070     0.071     0.073     0.075     0.078     0.081     0.084     0.087     0.091     0.095     0.099
1937     0.104     0.108     0.113     0.118     0.123     0.129     0.134     0.140     0.145     0.151     0.157     0.162
1938     0.168     0.174     0.179     0.185     0.190     0.195     0.201     0.206     0.210     0.215     0.220     0.224
1939     0.228     0.232     0.236     0.239     0.242     0.245     0.247     0.249     0.251     0.252     0.253     0.254
1940     0.254     0.254     0.253     0.252     0.251     0.250     0.247     0.245     0.242     0.239     0.235     0.231
1941     0.227     0.222     0.217     0.212     0.206     0.200     0.193     0.187     0.180     0.172     0.165     0.157
1942     0.148     0.140     0.131     0.123     0.114     0.105     0.095     0.086     0.076     0.067     0.057     0.047
1943     0.037     0.027     0.017     0.007    -0.002    -0.012    -0.022    -0.032    -0.042    -0.051    -0.061    -0.070
1944    -0.079    -0.089    -0.098    -0.107    -0.115    -0.124    -0.133    -0.141    -0.149    -0.157    -0.165    -0.173
1945    -0.180    -0.187    -0.195    -0.201    -0.208    -0.215    -0.221    -0.227    -0.233    -0.239    -0.244    -0.249
1946    -0.254    -0.259    -0.264    -0.268    -0.273    -0.277    -0.281    -0.285    -0.289    -0.292    -0.296    -0.299
1947    -0.303    -0.306    -0.309    -0.312    -0.315    -0.318    -0.321    -0.324    -0.327    -0.329    -0.332    -0.335
1948    -0.337    -0.340    -0.342    -0.345    -0.347    -0.350    -0.352    -0.354    -0.357    -0.359    -0.362    -0.364
1949    -0.366    -0.369    -0.371    -0.373    -0.375    -0.377    -0.380    -0.382    -0.384    -0.386    -0.388    -0.390
1950    -0.392    -0.394    -0.396    -0.398    -0.400    -0.402    -0.404    -0.406    -0.408    -0.410    -0.412    -0.414
1951    -0.417    -0.419    -0.421    -0.423    -0.426    -0.428    -0.431    -0.433    -0.436    -0.438    -0.441    -0.443
1952    -0.445    -0.448    -0.450    -0.453    -0.455    -0.457    -0.459    -0.462    -0.464    -0.466    -0.468    -0.470
1953    -0.471    -0.473    -0.475    -0.476    -0.477    -0.478    -0.480    -0.480    -0.481    -0.482    -0.482    -0.483
1954    -0.483    -0.483    -0.483    -0.483    -0.482    -0.481    -0.480    -0.479    -0.478    -0.476    -0.475    -0.473
1955    -0.471    -0.468    -0.465    -0.463    -0.459    -0.456    -0.452    -0.449    -0.445    -0.440    -0.436    -0.431
1956    -0.426    -0.421    -0.416    -0.411    -0.405    -0.399    -0.393    -0.387    -0.381    -0.375    -0.369    -0.362
1957    -0.356    -0.349    -0.342    -0.335    -0.329    -0.322    -0.315    -0.308    -0.301    -0.294    -0.287    -0.281
1958    -0.274    -0.267    -0.261    -0.254    -0.248    -0.242    -0.236    -0.230    -0.225    -0.220    -0.215    -0.210
1959    -0.206    -0.202    -0.198    -0.195    -0.192    -0.189    -0.186    -0.183    -0.181    -0.179    -0.177    -0.176
1960    -0.174    -0.173    -0.172    -0.172    -0.171    -0.171    -0.171    -0.171    -0.171    -0.171    -0.171    -0.171
1961    -0.172    -0.172    -0.173    -0.174    -0.174    -0.175    -0.175    -0.176    -0.177    -0.177    -0.178    -0.178
1962    -0.178    -0.179    -0.179    -0.179    -0.179    -0.178    -0.178    -0.178    -0.177    -0.176    -0.175    -0.174
1963    -0.173    -0.171    -0.169    -0.167    -0.165    -0.163    -0.161    -0.158    -0.155    -0.152    -0.149    -0.146
1964    -0.142    -0.139    -0.135    -0.131    -0.128    -0.124    -0.120    -0.116    -0.112    -0.109    -0.105    -0.101
1965    -0.098    -0.095    -0.091    -0.088    -0.085    -0.083    -0.080    -0.078    -0.076    -0.074    -0.073    -0.071
1966    -0.070    -0.070    -0.069    -0.069    -0.069    -0.069    -0.070    -0.070    -0.071    -0.073    -0.074    -0.076
1967    -0.078    -0.080    -0.082    -0.085    -0.088    -0.090    -0.094    -0.097    -0.101    -0.105    -0.109    -0.113
1968    -0.118    -0.122    -0.127    -0.132    -0.137    -0.143    -0.148    -0.154    -0.160    -0.166    -0.172    -0.178
1969    -0.185    -0.191    -0.198    -0.205    -0.212    -0.219    -0.226    -0.233    -0.240    -0.247    -0.255    -0.262
1970    -0.270    -0.278    -0.285    -0.293    -0.301    -0.309    -0.317    -0.325    -0.333    -0.341    -0.349    -0.357
1971    -0.365    -0.373    -0.381    -0.389    -0.397    -0.404    -0.412    -0.419    -0.426    -0.433    -0.440    -0.446
1972    -0.452    -0.459    -0.464    -0.470    -0.475    -0.481    -0.485    -0.490    -0.494    -0.498    -0.502    -0.506
1973    -0.509    -0.512    -0.514    -0.516    -0.518    -0.520    -0.521    -0.522    -0.522    -0.522    -0.522    -0.521
1974    -0.519    -0.518    -0.516    -0.513    -0.510    -0.507    -0.503    -0.498    -0.494    -0.488    -0.483    -0.477
1975    -0.470    -0.464    -0.456    -0.449    -0.441    -0.432    -0.424    -0.415    -0.405    -0.396    -0.386    -0.376
1976    -0.366    -0.355    -0.344    -0.333    -0.322    -0.311    -0.300    -0.288    -0.276    -0.264    -0.252    -0.240
1977    -0.228    -0.215    -0.203    -0.190    -0.177    -0.165    -0.152    -0.139    -0.126    -0.113    -0.099    -0.086
1978    -0.073    -0.060    -0.046    -0.033    -0.020    -0.007     0.006     0.019     0.032     0.045     0.058     0.070
1979     0.083     0.095     0.107     0.118     0.130     0.141     0.152     0.162     0.172     0.182     0.191     0.200
1980     0.209     0.217     0.225     0.232     0.239     0.246     0.252     0.258     0.264     0.269     0.274     0.278
1981     0.283     0.286     0.290     0.293     0.296     0.299     0.302     0.304     0.306     0.308     0.309     0.311
1982     0.312     0.313     0.314     0.314     0.315     0.315     0.315     0.315     0.315     0.315     0.314     0.314
1983     0.313     0.312     0.310     0.309     0.307     0.306     0.304     0.302     0.299     0.297     0.294     0.291
1984     0.288     0.285     0.281     0.278     0.274     0.270     0.265     0.261     0.256     0.252     0.247     0.242
1985     0.237     0.231     0.226     0.220     0.215     0.209     0.203     0.197     0.191     0.185     0.179     0.173
1986     0.167     0.161     0.155     0.149     0.144     0.138     0.132     0.127     0.121     0.116     0.111     0.106
1987     0.101     0.096     0.092     0.088     0.084     0.080     0.076     0.073     0.070     0.067     0.065     0.063
1988     0.061     0.060     0.058     0.058     0.057     0.057     0.057     0.058     0.059     0.060     0.062     0.063
1989     0.066     0.069     0.072     0.075     0.079     0.083     0.087     0.091     0.096     0.101     0.107     0.112
1990     0.118     0.124     0.130     0.136     0.142     0.148     0.155     0.162     0.168     0.175     0.182     0.189
1991     0.196     0.203     0.210     0.217     0.224     0.231     0.238     0.245     0.252     0.259     0.267     0.274
1992     0.281     0.288     0.295     0.302     0.309     0.316     0.322     0.329     0.335     0.341     0.347     0.353
1993     0.359     0.364     0.369     0.374     0.378     0.382     0.386     0.390     0.392     0.395     0.397     0.399
1994     0.400     0.401     0.401     0.400     0.399     0.398     0.396     0.394     0.390     0.387     0.383     0.378
1995     0.373     0.367     0.361     0.354     0.347     0.339     0.331     0.322     0.313     0.304     0.294     0.284
1996     0.273     0.262     0.251     0.239     0.228     0.215     0.203     0.191     0.178     0.165     0.152     0.139
1997     0.125     0.112     0.098     0.085     0.071     0.058     0.044     0.031     0.017     0.004    -0.009    -0.022
1998    -0.035    -0.048    -0.061    -0.073    -0.085    -0.097    -0.109    -0.120    -0.131    -0.142    -0.152    -0.162
1999    -0.172    -0.181    -0.190    -0.199    -0.207    -0.214    -0.222    -0.228    -0.235    -0.241    -0.246    -0.251
2000    -0.256    -0.260    -0.264    -0.267    -0.270    -0.272    -0.274    -0.276    -0.277    -0.277    -0.277    -0.277
2001    -0.276    -0.275    -0.273    -0.271    -0.269    -0.266    -0.263    -0.259    -0.256    -0.252    -0.248    -0.243
2002    -0.239    -0.234    -0.229    -0.224    -0.219    -0.214    -0.208    -0.203    -0.198    -0.192    -0.187    -0.182
2003    -0.177    -0.172    -0.167    -0.162    -0.158    -0.153    -0.149    -0.145    -0.141    -0.137    -0.134    -0.131
2004    -0.128    -0.125    -0.122    -0.120    -0.118    -0.117    -0.116    -0.115    -0.114    -0.114    -0.115    -0.115
2005    -0.117    -0.118    -0.120    -0.123    -0.125    -0.128    -0.132    -0.136    -0.140    -0.144    -0.149    -0.154
2006    -0.159    -0.165    -0.171    -0.177    -0.183    -0.190    -0.196    -0.203    -0.210    -0.217    -0.224    -0.231
2007    -0.238    -0.245    -0.253    -0.260    -0.267    -0.274    -0.282    -0.289    -0.296    -0.303    -0.310    -0.317
2008    -0.324    -0.331    -0.338    -0.344    -0.351    -0.357    -0.363    -0.369    -0.375    -0.380    -0.385    -0.390
2009    -0.395    -0.400    -0.404    -0.408    -0.412    -0.415    -0.418    -0.421    -0.423    -0.425    -0.427    -0.428
2010    -0.429    -0.429    -0.429    -0.429    -0.428    -0.427    -0.425    -0.423    -0.420    -0.417    -0.414    -0.410
2011    -0.405    -0.401    -0.396    -0.390    -0.384    -0.378    -0.371    -0.364    -0.356    -0.348    -0.340    -0.332
2012    -0.323    -0.314    -0.305    -0.295    -0.285    -0.275    -0.265    -0.255    -0.244    -0.234    -0.223    -0.212
2013    -0.201    -0.190    -0.179   -99.000   -99.000   -99.000   -99.000   -99.000   -99.000   -99.000   -99.000   -99.000
2014   -99.000   -99.000   -99.000   -99.000   -99.000   -99.000   -99.000   -99.000   -99.000   -99.000   -99.000   -99.000
2015   -99.000   -99.000   -99.000   -99.000   -99.000   -99.000   -99.000   -99.000   -99.000   -99.000   -99.000   -99.000
2016   -99.000   -99.000   -99.000   -99.000   -99.000   -99.000   -99.000   -99.000   -99.000   -99.000   -99.000   -99.000
2017   -99.000   -99.000   -99.000   -99.000   -99.000   -99.000   -99.000   -99.000   -99.000   -99.000   -99.000   -99.000
2018   -99.000   -99.000   -99.000   -99.000   -99.000   -99.000   -99.000   -99.000   -99.000   -99.000   -99.000   -99.000
2019   -99.000   -99.000   -99.000   -99.000   -99.000   -99.000   -99.000   -99.000   -99.000   -99.000   -99.000   -99.000
-99
TPI filtered (IPO Tripole Index) of Henley et al. (2015)
HadISST 1.1
created at NOAA/ESRL PSD
If you use this data please cite: 
Henley, B.J., Gergis, J., Karoly, D.J., Power, S.B., Kennedy, J., & Folland, C.K. (2015).
A Tripole Index for the Interdecadal Pacific Oscillation. Climate Dynamics, 45(11-12), 3077-3090. doi:10.1007/s00382-015-2525-1
See https://www.esrl.noaa.gov/psd/data/timeseries/IPOTPI/
Updated date at NOAA/ESRL/PSD
Produced Nov 26 2019
units="degC"
